-0.043407138619421616 -0.5978630510801671 1.2976938706183976
-0.07730367496100031 -0.45611400603827584 1.4514518908799983
-0.23438494419638112 -0.4402073326619905 1.462456281031765
-0.3200585694358388 -0.12212758766692992 1.4738603450948229
-0.3659264945739227 0.08711921321443618 1.4713743078226267
0.12760840973797066 -0.4459861160637358 1.482884129049662
0.16065830993828717 -0.13458627202354212 1.5164360212087526
0.2558937845852498 0.08898625551194905 1.4768972581727673
-0.055877243115822206 0.08024295785940984 1.4039406164638937
-0.12493671691039719 0.19292903328407254 1.4246206571176323
-0.16865802971580124 0.5026462065614417 1.4970240735036422
-0.1413248919403709 0.9384744353468965 1.5080487577331998
-0.002550249226736301 0.17840333162582808 1.4378908021618622
0.048152953251805394 0.5054393995372993 1.505319767021234
-0.007645589400669464 0.9254894002798898 1.5150566955961549
-0.07801443713347932 -0.6304853721689198 1.3225011373919318
-0.009823318385042898 -0.6399918082164563 1.3290887968124374
-0.14025615518487286 -0.6143534838003052 1.4273117914699216
0.025228334579518327 -0.610832892634499 1.4100472142675489
0.061945238258702406 0.9847054646192948 1.3326174113768527
0.12238504174274986 0.9934275882531259 1.3784912796166084
-0.00404993536581634 0.973584267442158 1.5406563572093934
-0.1484765208710419 0.9700955454832556 1.3042064320776598
-0.22127627100769776 0.9703378977706439 1.3290157382595904
-0.15257894013307388 1.0010240043515257 1.5626697823646734
