-41.34984004135936 -609.7816550116542 1305.2893830256369
-60.21663758878594 -442.22688539997944 1451.88630099177
-214.66185385448256 -428.19036645020384 1469.5661028074587
-332.4086690634574 -137.17813616250135 1505.400026220765
-400.37152929101 73.57785679537706 1470.7622163809203
134.70828871013146 -435.4683335921017 1473.5451423018806
202.10026335182886 -140.39694155242321 1500.3061251061629
299.12515434412046 62.83288430699141 1475.1446692551947
-46.987153200080115 53.601950956466396 1444.835000089749
-118.17889651076882 154.19975647946404 1451.9145439503832
-163.46530700795006 493.01206875181066 1519.9171517497102
-158.86514427840223 922.9116047959207 1562.6748954720242
12.838016999612819 149.01229332638053 1490.116681116956
95.27365414535836 502.91999978009045 1528.5401680614973
76.36530896523016 920.0185943897814 1559.6706276738078
-82.66524748560437 -635.3319322181785 1332.6766590453826
-10.1734891735274 -646.8804935932545 1343.3071834562588
-138.44284524863735 -599.939110649884 1405.9435061642093
25.456593909239018 -630.1067447563129 1429.013478194998
128.8160596764517 968.3770390626645 1343.7096427592896
184.93203062526663 974.314583155335 1404.0110392087852
89.65860353905396 946.8874036506778 1564.7255213919364
-181.49419617893022 983.0556502469731 1370.248291366499
-255.294508016377 975.9988939522133 1398.0455377784142
-159.63041398277824 970.642808040755 1581.298175595724
