8.337460458278656006e-04 -3.805884420871734619e-01 4.502122756093740463e-03
4.792653769254684448e-02 -4.719215929508209229e-01 -2.061045914888381958e-02
-4.790758714079856873e-02 -4.822167456150054932e-01 -1.496445760130882263e-02
4.115159390494227409e-05 -2.757297754287719727e-01 -2.600006386637687683e-02
1.200510263442993164e-01 -8.260245323181152344e-01 -3.307660669088363647e-02
-1.039215922355651855e-01 -8.214302062988281250e-01 -5.308003164827823639e-03
-2.639907179400324821e-03 -1.221524029970169067e-01 -3.074062988162040710e-03
5.272423475980758667e-02 -1.187158823013305664e+00 -1.117187663912773132e-01
-3.128854185342788696e-02 -1.185261845588684082e+00 -1.102558001875877380e-01
-6.330445408821105957e-03 -6.669852137565612793e-02 2.348834834992885590e-02
4.015486687421798706e-02 -1.264740109443664551e+00 1.349630206823348999e-02
-2.942669205367565155e-02 -1.264997720718383789e+00 1.788263767957687378e-02
-9.202143177390098572e-03 9.914103150367736816e-02 5.485797300934791565e-03
3.531491011381149292e-02 7.838316261768341064e-03 2.512774243950843811e-02
-4.563710838556289673e-02 1.017910987138748169e-02 1.470331009477376938e-02
1.399164088070392609e-02 2.738893032073974609e-01 3.248846903443336487e-02
1.765507459640502930e-01 2.362856827676296234e-02 2.399653010070323944e-02
-1.751621961593627930e-01 3.186913952231407166e-02 -5.548198707401752472e-03
2.714557051658630371e-01 -2.077315747737884521e-01 -9.841153398156166077e-03
-2.851544022560119629e-01 -2.004629373550415039e-01 -4.786518961191177368e-02
4.440340399742126465e-01 -3.932394981384277344e-01 -1.113247126340866089e-04
-4.247611761093139648e-01 -4.000836014747619629e-01 -7.515941560268402100e-02
-6.079263985157012939e-03 2.764394283294677734e-01 2.491917088627815247e-02
2.577761001884937286e-02 2.873224020004272461e-01 1.132733225822448730e-01
-3.900750726461410522e-02 2.886543273925781250e-01 1.076298207044601440e-01
4.966193139553070068e-01 -4.774296581745147705e-01 2.391895651817321777e-02
5.059577226638793945e-01 -5.090851783752441406e-01 2.598739229142665863e-02
4.928844571113586426e-01 -5.278965234756469727e-01 2.181420847773551941e-02
5.058348774909973145e-01 -4.817633330821990967e-01 -5.721715278923511505e-04
5.101377964019775391e-01 -5.126460194587707520e-01 -5.746555048972368240e-03
4.944031536579132080e-01 -5.310421586036682129e-01 -9.460377506911754608e-03
4.872393012046813965e-01 -4.663321077823638916e-01 -4.462227225303649902e-02
4.833428263664245605e-01 -4.857573509216308594e-01 -4.990437254309654236e-02
4.704363346099853516e-01 -5.008546113967895508e-01 -5.046100914478302002e-02
4.983924925327301025e-01 -4.736538827419281006e-01 -2.624690718948841095e-02
4.996070563793182373e-01 -5.029274225234985352e-01 -2.806916087865829468e-02
4.828716218471527100e-01 -5.207984447479248047e-01 -2.828244492411613464e-02
4.492669999599456787e-01 -4.355175793170928955e-01 2.731592953205108643e-02
4.462054967880249023e-01 -4.643332958221435547e-01 4.040436074137687683e-02
4.536359906196594238e-01 -4.887446165084838867e-01 4.895139485597610474e-02
-4.741225540637969971e-01 -4.881283640861511230e-01 -6.106597930192947388e-02
-4.823558926582336426e-01 -5.201517343521118164e-01 -6.053846701979637146e-02
-4.679860472679138184e-01 -5.383886694908142090e-01 -6.230621784925460815e-02
-4.787492454051971436e-01 -4.927524924278259277e-01 -8.677399903535842896e-02
-4.807983636856079102e-01 -5.237681865692138672e-01 -9.250607341527938843e-02
-4.639068543910980225e-01 -5.414806604385375977e-01 -9.335982054471969604e-02
-4.534309506416320801e-01 -4.764047265052795410e-01 -1.269746124744415283e-01
-4.478718638420104980e-01 -4.956312179565429688e-01 -1.314259469509124756e-01
-4.344492554664611816e-01 -5.101764798164367676e-01 -1.296740174293518066e-01
-4.672977626323699951e-01 -4.842483699321746826e-01 -1.107933074235916138e-01
-4.669598340988159180e-01 -5.135400295257568359e-01 -1.126911342144012451e-01
-4.497140645980834961e-01 -5.306986570358276367e-01 -1.099256426095962524e-01
-4.298613071441650391e-01 -4.443004429340362549e-01 -4.963582009077072144e-02
-4.279297292232513428e-01 -4.730100333690643311e-01 -3.610862046480178833e-02
-4.357153773307800293e-01 -4.977387487888336182e-01 -2.889645472168922424e-02
-1.053878478705883026e-02 2.315479367971420288e-01 1.438046097755432129e-01
-4.152712598443031311e-02 2.825369536876678467e-01 1.197598874568939209e-01
2.773856744170188904e-02 2.821898162364959717e-01 1.252949088811874390e-01
-7.384148240089416504e-02 2.921023964881896973e-01 1.714153587818145752e-02
7.700258493423461914e-02 2.945448458194732666e-01 3.441154211759567261e-02
-2.258463948965072632e-02 -1.272165536880493164e+00 6.878481805324554443e-02
6.215066462755203247e-02 -1.281137704849243164e+00 4.737211763858795166e-02
7.987290620803833008e-02 -1.216888904571533203e+00 -1.644486635923385620e-01
2.988065779209136963e-02 -1.261428713798522949e+00 7.614381611347198486e-02
-5.598878115415573120e-02 -1.277279496192932129e+00 4.050642997026443481e-02
-3.889758884906768799e-02 -1.221824169158935547e+00 -1.694107204675674438e-01
4.532728195190429688e-01 -5.219044089317321777e-01 5.382305383682250977e-02
4.762781262397766113e-01 -5.463658571243286133e-01 1.943895965814590454e-02
4.741436839103698730e-01 -5.504101514816284180e-01 -8.542120456695556641e-03
4.628649353981018066e-01 -5.354353189468383789e-01 -2.268028259277343750e-02
4.544559121131896973e-01 -5.173411965370178223e-01 -4.741123318672180176e-02
-4.329725205898284912e-01 -5.296069383621215820e-01 -2.148413658142089844e-02
-4.507148265838623047e-01 -5.569944977760314941e-01 -6.095058098435401917e-02
-4.430277347564697266e-01 -5.595334768295288086e-01 -8.838319778442382812e-02
-4.304305911064147949e-01 -5.449097156524658203e-01 -1.007793843746185303e-01
-4.198327064514160156e-01 -5.266762375831604004e-01 -1.229392886161804199e-01
-6.767904758453369141e-02 2.984815835952758789e-01 9.447158128023147583e-02
-6.056730449199676514e-02 3.078000247478485107e-01 1.169634833931922913e-01
-4.748204350471496582e-02 3.059417605400085449e-01 1.330604851245880127e-01
-3.220038115978240967e-02 3.015225529670715332e-01 1.407799720764160156e-01
-1.857014559209346771e-02 2.965521812438964844e-01 1.419685184955596924e-01
3.097826265729963779e-04 2.962318956851959229e-01 1.436172276735305786e-01
1.399680972099304199e-02 3.008357286453247070e-01 1.448218971490859985e-01
3.039438650012016296e-02 3.048113584518432617e-01 1.399321258068084717e-01
4.602702707052230835e-02 3.062635064125061035e-01 1.265117228031158447e-01
5.637688934803009033e-02 2.967180609703063965e-01 1.055404990911483765e-01
-9.141342714428901672e-03 2.805868685245513916e-01 1.402779370546340942e-01
-9.747718460857868195e-03 2.660350203514099121e-01 1.437963843345642090e-01
-1.034047268331050873e-02 2.523846328258514404e-01 1.467995494604110718e-01
-1.083951257169246674e-02 2.390153408050537109e-01 1.488155573606491089e-01
-2.090422622859477997e-02 2.359687685966491699e-01 1.218511015176773071e-01
-1.525029353797435760e-02 2.322110980749130249e-01 1.252229362726211548e-01
-8.869593963027000427e-03 2.295133173465728760e-01 1.267588436603546143e-01
-2.257108688354492188e-03 2.321573048830032349e-01 1.263290047645568848e-01
4.057646729052066803e-03 2.357738018035888672e-01 1.239678785204887390e-01
-5.268835648894309998e-02 2.864958941936492920e-01 1.099550724029541016e-01
-4.485467448830604553e-02 2.881664335727691650e-01 1.217843294143676758e-01
-3.514664620161056519e-02 2.874449491500854492e-01 1.229242309927940369e-01
-2.624599263072013855e-02 2.827468216419219971e-01 1.187564432621002197e-01
-3.450383245944976807e-02 2.796660363674163818e-01 1.184332072734832764e-01
-4.392776638269424438e-02 2.797694802284240723e-01 1.164148151874542236e-01
1.141539867967367172e-02 2.823435962200164795e-01 1.221954971551895142e-01
1.951855048537254333e-02 2.866191267967224121e-01 1.279527842998504639e-01
2.927981689572334290e-02 2.870901226997375488e-01 1.285727769136428833e-01
3.894508630037307739e-02 2.851786017417907715e-01 1.183174178004264832e-01
2.898720279335975647e-02 2.788470387458801270e-01 1.229207813739776611e-01
1.935811899602413177e-02 2.790307104587554932e-01 1.232846751809120178e-01
-3.030690178275108337e-02 2.137038856744766235e-01 9.941571205854415894e-02
-2.400407940149307251e-02 2.147523164749145508e-01 1.123726814985275269e-01
-1.454562880098819733e-02 2.151061594486236572e-01 1.189009025692939758e-01
-8.333336561918258667e-03 2.142935693264007568e-01 1.195804327726364136e-01
-1.813424052670598030e-03 2.149994075298309326e-01 1.200029253959655762e-01
8.505525067448616028e-03 2.144111692905426025e-01 1.151110604405403137e-01
1.613540202379226685e-02 2.127553671598434448e-01 1.036398708820343018e-01
8.658749051392078400e-03 2.058212906122207642e-01 1.074679568409919739e-01
-1.768416725099086761e-03 2.025430500507354736e-01 1.108785420656204224e-01
-8.446947671473026276e-03 2.022322416305541992e-01 1.106628626585006714e-01
-1.484278216958045959e-02 2.027940303087234497e-01 1.098069101572036743e-01
-2.441582456231117249e-02 2.065984755754470825e-01 1.045425459742546082e-01
-2.962715551257133484e-02 2.139565050601959229e-01 9.911467134952545166e-02
-1.376430969685316086e-02 2.110292464494705200e-01 1.117564141750335693e-01
-7.619178388267755508e-03 2.106883823871612549e-01 1.126305758953094482e-01
-1.298122340813279152e-03 2.108383774757385254e-01 1.128681600093841553e-01
1.587517559528350830e-02 2.128595709800720215e-01 1.036219447851181030e-01
-1.483896397985517979e-03 2.095109224319458008e-01 1.112888678908348083e-01
-8.275145664811134338e-03 2.095235139131546021e-01 1.114589720964431763e-01
-1.487807091325521469e-02 2.098679244518280029e-01 1.101848259568214417e-01
