0.01455176664975566 -0.5244987838821915 1.3601827260788057
0.002333280559817519 -0.349397737909275 1.4879388961103814
-0.15742404767732654 -0.3397984829179759 1.4983860935563968
-0.27607574912309796 -0.09452882093422232 1.5228313476651993
-0.3988894291419422 0.1008990972543235 1.5025617573125252
0.17915623845059725 -0.3342457200603844 1.5114010881556295
0.2686053046305852 -0.06512940212755688 1.542136304841779
0.4054451897513468 0.10507677517569985 1.484886821684527
0.008124228525315136 0.10743188051226694 1.4259957673596504
-0.05339734752950209 0.2095640579344391 1.4505531899299908
-0.08801004750324082 0.5224971729646691 1.4538658119262537
-0.04177755742185374 0.9590118668784986 1.5392467577106066
0.05817786828022331 0.19547496815247586 1.4484635713927365
0.1138519279113338 0.537175817386525 1.4572426691310103
0.03468721924005147 0.9451381289762248 1.550783015115162
-0.0306168686581465 -0.5580489078673669 1.385678555773242
0.04150579963952539 -0.5589524263627476 1.3808276179932584
-0.0776567143932646 -0.5308865180831988 1.452188444934181
0.10544560093279798 -0.5431306110322209 1.4832213012831033
0.020406700378421627 0.9971002584331902 1.3890800113298072
0.09737284829114123 1.0082923518656361 1.4091691509010826
0.054408279568186946 0.9673211437021816 1.5541931347544677
-0.01927687493879049 1.011241720028842 1.3995249432804635
-0.10165385498652935 1.0092694917983824 1.399996310758226
-0.05686323577152275 0.9913292901283156 1.5456262889805865
